   00    01    02    03    04    05    06    07    08    09    10    11    12    13    14    15    16
   17    18    19    20    21    22    23    24    25    26    27    28    29    30    31    32    33
   34    35    36    37    38    39    40    41    42    43    44    45    46    47    48    49    50
   51    52    53    54    55    56    57    58    59    60    61    62    63    64    65    66    67
   68    69    70    71    72    73    74    75    76    77    78    79    80    81    82    83    84
   85    86    87    88    89    90    91    92    93    94    95    96    97    98    99  
50 71567 36574 41087 25487 41011 69013 26528 59105 37684 22181 90245 13201 37290 01432 26785 48176 44376
51 48072 22467 71463 38790 01584 38614 38384 38912 28065 37863 38713 28907 55435 64327 58190 05632 26543
52 38754 14675 39801 63243 37616 49381 04536 32324 56473 48107 38794 75647 48793 26785 15436 57043 37689
53 00101 17171 57641 94328 50379 84532 47684 97061 67382 85637 74373 47903 27891 16817 65732 27817 59054
54 44674 37632 01876 48907 76487 40404 41537 68881 54733 36718 44682 27145 63338 68932 22431 60473 31587
55 25753 47168 54732 36781 05743 27815 55654 58907 64352 26758 57147 37054 06372 28179 56376 21801 67431
56 30018 43053 26754 81543 38907 71515 44638 56891 54632 38071 78546 31790 05643 34544 47622 25187 94031
57 64872 21808 58931 67776 54437 81589 94653 37180 72234 80917 60814 36842 28019 58474 37184 93012 25674
58 66546 57431 73890 84325 10706 86878 65943 31281 86040 85879 76040 59815 76851 47145 43526 67154 37801
59 47644 36781 90845 37158 42648 75983 31281 66785 48142 05786 45273 38179 69354 44653 57876 44531 28791
60 12739 40546 47638 57168 22268 81817 50543 36758 09001 74558 67485 31716 59132 37877 50831 57432 27158
61 03786 45446 48143 21717 67930 65328 40187 00071 57371 73329 61446 54743 36891 10185 28870 65743 54326
62 01987 56747 41732 28941 06513 15115 47147 44532 37169 01832 24536 77654 17358 98076 54517 37891 44456
63 94768 41738 00194 51173 42534 61708 78569 30001 58534 08001 57493 24365 34328 66155 75889 69834 13897
64 70143 26754 48149 16748 15013 36528 31087 68154 46372 58492 50813 65667 65439 12903 56487 36781 43443
65 26715 58705 46384 34528 71085 47158 66654 37816 48034 45326 12456 56387 10786 37816 39732 31087 55654
66 03542 67147 69043 36845 37891 65432 28179 96047 54673 37816 66741 87818 69430 65472 27815 99807 00748
67 37185 48166 58437 71684 04893 37165 19010 71705 54655 40098 71482 31085 38733 10065 48743 30172 65754
68 48172 28913 66514 36784 59813 36526 16790 64738 57137 81616 63650 01002 25434 57684 57632 44816 38016
69 87881 58643 38179 04365 26574 37817 38907 65743 27169 64352 27819 70504 56382 21689 70154 36576 89013
70 74573 30856 31785 65463 25676 47613 36809 65436 61734 43598 01432 25678 47638 11319 67435 83218 79054
71 12546 48179 04354 36832 27816 49841 56474 37168 75436 27819 01654 36758 64832 21090 01785 37864 27648
72 21806 75843 36765 43543 37817 90547 74572 36754 37168 65473 21809 89654 31710 08091 54637 85431 68367
73 55546 47632 31780 05743 36786 38713 61413 26849 98017 46532 26775 40148 04637 70000 46054 31818 00091
74 43254 57186 38725 91543 36781 15736 47632 35647 90175 35751 36785 14151 80735 60946 54737 66657 47143
75 71514 37891 76543 27659 83014 65748 70914 38759 61302 34324 57684 48149 10516 55546 70437 81504 68217
76 50835 77186 46785 65673 31218 90847 68476 13678 47065 47632 49805 61453 36781 98161 67159 44545 76845
77 01545 37161 89043 27669 10101 67583 31101 57048 65557 57389 43765 26816 70503 26148 98017 57935 60323
78 26758 81574 43567 80734 54648 31790 76851 03571 84815 30921 76957 55540 84372 60833 45178 94620 77159
79 24563 41806 47147 55583 46217 48912 34674 40189 85438 41342 25675 68043 36807 76854 31200 80148 44763
80 15738 48290 02768 46537 63363 47817 48144 35446 71522 21817 58979 76014 56128 59045 36183 20187 55681
81 68664 31212 43161 78543 47801 57398 10176 46834 69032 93567 51437 48043 26157 44637 01901 64709 76581
82 14783 34578 70312 47685 68534 36741 66183 27805 48147 63832 40198 68748 60462 43527 98991 81190 05476
83 26136 55647 41712 25678 98017 68453 56758 70838 35462 58714 50603 58181 88452 31585 16114 41878 48143
84 59820 15743 26785 74118 90543 45302 25643 58179 70517 66565 74352 27816 70634 78915 93245 51018 56765
85 57687 43526 67165 47809 68543 35798 17165 47652 24354 40176 54701 15768 15743 37169 15647 38906 21675
86 36714 38075 64814 30729 01002 36563 71710 69504 45635 75013 60365 66576 65001 14354 49000 03207 60001
87 07657 71784 47039 36528 60413 47291 87063 57849 60376 75643 47091 71118 66574 31726 98018 76984 41738
88 00040 20715 00003 56714 73002 25471 87876 40017 40537 55647 70014 54302 20710 95035 05770 04910 00172
89 13879 65473 20716 57684 14766 38075 61472 24543 70956 66546 14653 27154 86179 57854 81543 37907 65643
90 44674 50714 30700 57302 25047 80645 90000 70541 25074 48107 00530 74901 57615 70000 01010 07015 00042
91 64517 98064 47628 86056 05367 36185 66574 56819 08175 46758 54632 15904 36873 44546 80716 65743 36751
92 01546 37616 20147 75649 77678 60445 68398 57103 45032 54770 58435 99754 41302 56776 04500 81738 59034
93 00732 17000 47030 01003 28176 49001 67051 50490 07019 76348 31817 50105 54040 21061 09004 30503 21900
94 13753 40706 47020 70101 60643 01837 37019 40302 48436 51071 16113 43544 70010 46537 30070 20574 05091
95 26715 36014 36564 31690 66576 76547 51389 01018 57439 46753 21807 66574 85951 47603 26785 58187 46054
96 85436 48179 01657 47392 40187 58369 78563 36069 88787 58791 46587 26504 36573 58711 17865 38906 38729
97 15075 57047 54632 37079 67848 67485 27166 69043 36573 47186 87543 49013 37693 21705 68480 87917 65854
98 28918 50843 57481 56328 79014 36159 26785 50813 50163 47954 41108 75643 38371 79834 21716 69054 81717
99 69018 46328 51859 58043 57387 54689 10546 65743 37891 15151 45743 27681 59804 57318 44453 58107 06707
