   00    01    02    03    04    05    06    07    08
   17    18    19    20    21    22    23    24    25
   34    35    36    37    38    39    40    41    42
   51    52    53    54    55    56    57    58    59
   68    69    70    71    72    73    74    75    76
   85    86    87    88    89    90    91    92    93
00 71856 47691 72235 10896 54765 38716 39842 20127 33351
01 48716 24322 91180 54633 58907 46532 36758 37819 10108
02 14652 47854 26891 65432 58901 17548 20132 28197 30132
03 75380 15117 34332 79016 47862 23456 70083 35750 36547
04 00685 45398 61611 64376 38917 43532 45649 01517 45326
05 77718 45436 13690 43542 57816 47681 90181 84817 73826
06 12432 95874 41718 76301 47611 57764 78176 88452 48191
07 67342 66517 68754 37890 15463 25654 67817 81508 76040
08 17967 65463 37819 90654 37666 58100 68143 78154 38115
09 48747 56438 01001 61187 81679 54362 51557 46890 75484
10 14653 25681 90657 54352 26781 61504 45466 76549 71718
11 07765 18198 68908 54643 36701 18657 50157 47683 21809
12 57632 37681 58150 76543 10076 47685 21118 89654 78770
13 17689 01006 46532 38179 57648 71810 76819 56554 47181
14 47903 61897 36541 18790 67578 47634 38190 75479 01831
15 58159 54639 32548 90816 64763 37682 21809 65476 66890
16 46781 98161 04187 68758 51701 57648 50185 38790 58563
17 15879 50157 16716 48716 48907 74352 28910 61815 54362
18 09817 46574 36718 87905 74120 85903 37178 59054 26543
19 19564 36781 81518 98643 21076 47614 47683 38136 49081
20 66878 71754 44764 38179 10117 67456 87901 76854 38918
21 16843 36781 16875 35678 69018 76584 36758 96805 54637
22 87885 63665 78178 94016 45372 84903 51718 65492 10117
23 95083 34752 21879 87906 57685 44545 43654 56180 98345
24 17685 47819 01873 18471 94187 76843 87158 46438 57180
25 74781 67665 48179 99860 56892 21768 69038 71757 26984
26 17901 85789 33324 81699 76843 31807 57638 99901 43665
27 00817 61885 41605 46752 20121 51010 75142 19000 89701
28 85438 59018 67548 43432 37891 90832 25641 98198 65664
29 08007 52141 56083 26781 58739 17116 54628 61807 67184
30 17860 67687 45143 36715 48918 87650 71456 47634 27901
31 68439 65748 66584 37819 06547 45361 47815 54643 26789
32 15890 54643 37618 89043 26786 54187 47890 71718 65743
33 91807 46785 64358 91198 67843 36758 90876 87956 40152
34 05768 54832 51819 06574 36765 35654 15875 74380 65738
35 19352 61876 47698 56018 67585 47819 79854 35618 60126
36 04634 86907 56387 51948 51085 87328 15703 98752 16985
37 19785 15874 37179 14732 26718 94169 40153 26715 68438
38 86766 45638 17186 45436 81795 54544 46768 70184 36779
39 17906 15690 65746 37658 68181 68653 27890 86846 15638
40 95764 31871 65473 26781 96747 01816 46758 65743 26761
41 86574 08191 51743 37817 49806 57543 27891 17018 68432
42 17943 57818 65843 47875 14753 16814 37682 25476 49081
43 55564 38740 61324 58791 16765 57819 60143 25675 33783
44 17481 85185 47329 18061 76722 25223 81752 00968 61561
45 00178 61716 76858 51801 65463 27178 93621 01806 57654
46 87985 41708 56476 37681 81117 57481 54728 99987 51180
47 15764 37891 01476 44781 62272 61956 77174 38364 43521
48 85732 67169 65838 93180 33623 81718 79084 76876 93178
49 24365 75422 80198 65641 76814 97316 46431 81357 00829