   00    01    02    03    04    05    06    07    08    09    10    11    12    13    14    15    16
   17    18    19    20    21    22    23    24    25    26    27    28    29    30    31    32    33
   34    35    36    37    38    39    40    41    42    43    44    45    46    47    48    49    50
   51    52    53    54    55    56    57    58    59    60    61    62    63    64    65    66    67
   68    69    70    71    72    73    74    75    76    77    78    79    80    81    82    83    84
   85    86    87    88    89    90    91    92    93    94    95    96    97    98    99     
00 46575 69018 35475 27648 17906 41198 37654 01354 27816 48534 89017 37896 15432 08493 28197 46018 08917
01 76843 27168 59083 31698 54634 37169 01701 58795 31182 20018 51413 00684 36754 28794 31705 84352 57861
02 57869 14352 47845 81654 39018 56342 68716 36758 91313 26743 37781 15518 01005 65843 25785 59045 75452
03 17190 43442 36785 38169 04352 25675 16161 68173 30309 61483 11356 30126 80465 25476 38654 06190 57863
04 36728 36390 65473 38917 66766 56443 37816 49281 14325 46785 40125 68432 36784 11016 69014 36437 38625
05 18679 46534 71685 44543 47180 47627 61480 88181 69832 40312 26758 90154 64538 58290 67486 66513 27543
06 12031 70645 58714 37632 59708 46861 75788 67401 66532 71805 36027 77458 63323 58870 76845 63452 86114
07 47683 36027 58794 55318 15372 37958 11649 47329 00165 45761 21658 55476 43659 44365 37018 33576 50324
08 14805 33637 75312 68907 55743 36817 55980 33721 91675 47771 90134 26574 70493 37816 75473 27891 05216
09 36718 59371 44725 70584 68351 22605 69316 44133 38562 14769 17342 59081 14125 50980 64562 41685 33678
10 60126 58358 11171 80500 41285 06232 54545 79462 47321 84690 75634 39315 47351 03675 13852 37816 46139
11 19043 25618 50435 14786 54362 26817 55890 14634 74781 44457 80342 25674 57489 55105 37696 31513 78367
12 35891 55715 63325 81791 68544 41173 78965 31209 57147 57621 59980 45327 46781 21546 48164 38790 64325
13 47876 41632 57843 36891 01018 57614 37864 69246 00165 64981 57342 55432 68901 68435 27685 69356 71432
14 48074 35764 62899 16776 59732 51471 75498 21967 30314 52981 64537 81823 06432 47890 69436 31508 76767
15 74318 47890 74987 60352 35674 61807 65832 69057 37776 49117 34234 68911 55632 98166 47902 65777 74118
16 25765 72225 70893 36154 48879 54320 26784 36781 54362 27615 46537 67890 70302 46533 37891 74538 55664
17 21908 55674 38732 68146 94632 41178 47643 53276 78901 67132 67765 47819 64536 57891 57436 47815 37789
18 15463 25758 65432 57387 16908 74592 31176 45743 38719 04674 32324 18954 34786 45432 37891 16745 36786
19 37816 00154 47643 37817 57632 27891 01087 46328 57543 37861 81511 81869 56413 35762 67145 60640 05774
20 35567 71436 76943 04016 56043 48974 36579 00730 57431 89018 57435 33564 35642 33433 57181 69805 35432
21 46754 37628 81717 55689 26786 17018 67435 47816 49908 15136 53476 89891 15436 85632 11314 46756 74588
22 29385 18392 11085 57658 51863 44435 68119 56843 31613 26776 65453 60849 47876 75468 43567 36871 04432
23 15184 36758 80645 37864 22546 17175 57843 27854 49820 06843 36581 54872 37891 81087 58413 28143 15807
24 58734 01675 81790 45436 81546 39893 36521 56541 11649 24853 75906 39287 25895 20831 41958 46918 29548
25 81720 13807 57924 96025 95378 83695 11315 30407 61768 49546 45569 28643 71548 76158 47845 37891 04053
26 37861 07453 36758 54362 27818 56743 38917 56743 38901 17457 55465 51178 54181 90504 40013 25143 27643
27 30816 01576 37643 37638 90143 24681 07453 27165 40931 05436 76776 81810 05469 64732 27868 77654 38179
28 76419 34225 76143 22817 79067 57643 81290 60325 37145 35542 47194 90754 46574 37189 06574 44354 36781
29 15652 35674 81611 51734 37890 05014 36527 80437 66849 56555 18481 65743 27816 37945 33576 65473 28176
30 69083 25476 81170 05674 36776 45446 61456 67813 25674 69743 30137 50418 56173 26548 99864 41046 76778
31 25674 38171 95643 37810 00176 54643 36781 79143 55654 65437 65873 24452 91086 66676 58745 14435 68353
32 70659 57651 79083 25665 57154 38732 33678 08019 69187 47534 99818 80606 56054 68483 35642 18057 77154
33 61809 31716 54643 37818 45554 80432 71171 85464 58172 29960 05456 74458 43254 21576 48775 12597 55008
34 47614 36758 81754 33432 37681 86574 38901 75643 30812 38754 67518 57648 44643 26776 85430 13031 58964
35 85413 25674 30982 31675 47861 34343 50832 26716 43562 89016 54436 57634 58987 43254 61467 54365 27816
36 14505 65463 36751 98054 26781 59843 30154 21015 36789 17564 37816 56372 25463 37175 48901 85743 71754
37 36751 87654 37693 31076 75684 34435 76171 68974 16546 37869 98075 27681 70854 36785 59301 18463 26547
38 22345 79805 41618 56184 54637 85903 54172 25657 90018 67654 58734 27619 06018 61745 53626 78158 46752
39 49065 56784 31826 97531 46537 14543 28179 75632 36719 05643 25647 81549 46532 21017 45673 37598 30172
40 14785 41734 28017 57643 36718 95054 36781 70843 35467 75348 56891 46530 81754 42786 48910 24174 34327
41 06154 37165 38901 56432 39514 57639 10836 76576 58714 35462 25618 90453 26758 80154 36158 45678 90435
42 65763 27816 49083 31615 47638 80154 86546 41726 98015 57638 43443 81795 35462 27869 05848 36083 16785
43 14675 37891 76845 37861 85463 26781 90643 43532 37487 40183 36578 59813 24132 60956 33543 37681 94352
44 70843 36716 87614 37869 01810 70143 54763 37869 71018 65764 45328 90843 37169 95463 38791 77657 91476
45 26781 75463 81117 58749 01801 71789 58713 32332 61583 35424 71768 75401 70483 02814 51178 55654 91463
46 71685 08154 36581 87657 47147 94016 87146 50832 37185 71557 08001 58764 37816 38016 33324 60684 36715
47 36715 68190 67543 37817 58149 01367 58732 41717 55665 58517 48075 43532 46781 75934 01879 36764 01389
48 65471 85904 35426 78618 60845 65654 80168 56432 90176 35426 78654 48716 55654 76843 37817 46108 67010
49 43715 38790 06745 48716 86888 51413 51890 45786 39801 55467 48732 23423 76815 18001 71504 03675 83542
