   09    10    11    12    13    14    15    16
   26    27    26    29    30    31    32    33
   43    44    45    46    47    48    49    50
   60    61    62    63    64    65    66    67
   77    78    79    80    81    82    83    84
   94    95    96    97    98    99
00 15647 64817 48732 08019 56754 37685 49981 32332
01 76587 47632 80179 61574 36521 06845 31708 64368
02 68734 31807 68743 26751 79018 67481 77768 50144
03 57159 94536 15879 36583 31010 14682 36579 15014
04 15873 28901 76574 37317 90843 26781 94536 10181
05 25617 80657 47632 48901 76765 57819 01810 67479
06 61718 86908 00405 57332 51781 95109 68854 47816
07 12567 54632 61879 66546 81818 81590 46832 30183
08 35463 87190 67549 48190 16547 86941 06574 35647
09 56164 35476 81817 69845 41643 26750 07184 46752
10 16895 64532 68169 98180 79584 46686 75843 81880
11 06574 36761 06574 37819 01879 57453 35418 90547
12 15674 90175 35472 24536 71806 68546 90815 36765
13 67481 94652 31809 15785 10101 71695 35762 40198
14 47687 49817 47632 48018 71591 35601 81564 41202
15 12901 86015 77185 71850 08500 73833 24536 74819
16 57147 47614 39012 26517 38765 80498 44434 60160
17 04001 57143 65879 31807 46765 84532 18091 58743
18 48443 46221 80189 86574 37816 98075 47178 93240
19 86875 56703 41761 15647 80165 36587 36532 27819
20 13117 80756 47187 55565 48190 80463 25674 80741
21 67435 71011 80876 56438 71564 36789 90018 70186
22 15764 37108 81790 17547 36548 80953 25654 81718
23 98991 60154 47818 96601 67654 36764 70918 69832
24 14782 01879 55454 36754 37819 09543 22567 81779
25 40154 37818 95647 44453 18790 76865 68918 59426
26 15819 17634 39108 46574 37891 70176 54638 48904
27 36581 98453 21086 15464 36781 90876 54643 37891
28 01879 56574 57149 90184 25764 37819 09101 71617
29 13786 43243 46765 99016 71776 58154 54655 88468
30 00019 56437 89016 25764 90867 56547 36542 38910
31 97187 56786 47645 90187 47637 44434 71717 79834
32 27809 61874 37618 90365 27648 11109 86899 76592
33 87965 41081 98017 46758 76543 26718 90876 46765
34 17654 37618 90546 47697 51806 36542 28910 08178
35 80756 58743 25617 90185 47659 10546 63789 18076
36 90865 37685 38190 98675 36781 08432 25678 90867
37 17908 18765 36547 38790 15436 37697 24017 58765
38 80478 54543 35654 37819 90819 70185 36573 22265
39 01008 58732 27189 80576 40153 25654 37698 18017
40 80798 46574 21717 58764 38901 18017 61765 35674
41 14727 80916 57643 27819 90187 58743 26765 90181
42 51655 48198 59013 26574 54555 71876 48901 79184
43 47186 87108 59817 57643 26765 60198 58075 44435
44 15879 56543 26758 90187 71654 36890 66574 36789
45 27687 40173 37689 18019 60187 57764 37618 55756
46 76875 34518 90836 44343 25606 17186 46890 65465
47 36571 65665 48137 58718 65664 90114 34332 47816
48 80657 47689 67543 36223 59108 61743 37818 66765
49 16980 61745 44435 71858 94762 25674 61811 90814