   09    10    11    12    13    14    15    16
   26    27    28    29    30    31    32    33
   43    44    45    46    47    48    49    50
   60    61    62    63    64    65    66    67
   77    78    79    80    81    82    83    84
   94    95    96    97    98    99
50 16780 71657 48901 45365 26547 48901 47684 37891
51 84564 36817 80154 26754 38179 80154 36583 27176
52 16890 76438 40137 27685 36765 48901 71654 35463
53 70186 41764 37801 79543 21598 05879 59843 26716
54 90143 26574 38107 88878 59086 57180 97654 11176
55 14679 54763 26717 90181 71107 50132 26754 30133
56 65873 21098 60158 60122 65654 58910 76943 31790
57 13786 69016 51354 48790 26715 37617 98701 51387
58 57437 95817 35601 66743 30891 56564 48714 36580
59 58325 70186 59826 71710 67546 80164 36583 25438
60 15187 47653 27801 79854 41487 36754 28701 69835
61 85901 65743 26781 90146 74537 28168 90156 65743
62 48107 57632 38901 76843 27816 90190 01010 87593
63 13859 00463 38175 36542 28917 95267 84653 38190
64 73817 39018 54365 62875 48179 38906 64783 12128
65 31078 58763 36180 98076 47683 25654 49108 77786
66 87901 61543 36781 69013 25643 58716 38790 18017
67 01601 37118 96004 46054 78775 38901 73426 97015
68 48746 39082 26754 57817 66752 14417 69901 78654
69 78790 15643 26785 59014 56437 77876 47819 90154
70 58164 63832 31089 66514 77648 48366 22423 81656
71 27225 40334 81601 79851 65764 37816 58047 55465
72 69663 36819 70463 43648 61806 59129 79961 58791
73 14768 48101 61734 36754 37186 45432 37175 39146
74 54553 47180 13762 28904 50504 67488 51543 87888
75 78539 04178 69841 54117 76382 24342 46903 37808
76 28790 98453 21758 15171 47843 31701 76329 67154
77 48713 47628 90584 31879 76854 36785 50147 66676
78 51435 70168 56873 35423 47819 96470 68174 05043
79 38169 51743 26574 17906 47638 54558 75143 36149
80 13895 41765 32131 66654 69376 43421 90156 74712
81 03621 85643 37819 91085 55463 27816 59382 21716
82 13870 66547 53533 71632 61617 78573 36759 00143
83 57378 92453 02121 78580 72728 71815 55435 81382
84 25380 65173 35675 51739 11017 70614 35472 26754
85 67483 28179 79014 36527 76814 56565 68149 66148
86 37158 90474 26537 76814 47381 77871 65843 25153
87 47366 84454 37152 25018 65743 37832 26179 81189
88 14789 54632 27817 58149 90189 70184 36573 26754
89 57816 49817 46532 31807 68156 43543 26765 58172
90 67654 41831 24353 69012 24637 87151 78056 65753
91 51110 80145 54554 37698 17117 33452 78190 67548
92 14674 36287 10817 45643 37618 87901 45763 25678
93 67468 38710 89453 26574 38179 90189 45436 37818
94 13689 80154 36565 37632 37818 90818 54637 81017
95 46767 41181 60816 57639 77185 46573 75436 68109
96 15647 37654 28167 48734 29018 45436 36527 59018
97 51738 36718 69018 56432 26758 66576 58189 44535
98 38197 40185 35463 27819 90187 57643 37169 88179
99 14653 25675 15746 68175 33454 36573 25718 90811